%YAML:1.0
---
image_size: !!opencv-matrix
   rows: 2
   cols: 1
   dt: d
   data: [ 640., 360. ]
K1: !!opencv-matrix
   rows: 3
   cols: 3
   dt: d
   data: [ 3.5912229863349467e+02, 0., 3.1783417852040930e+02, 0.,
       3.5919147349353705e+02, 1.9113557870942336e+02, 0., 0., 1. ]
D1: !!opencv-matrix
   rows: 1
   cols: 5
   dt: d
   data: [ -1.1445256487677451e-01, -1.5003046688641627e-01,
       -4.0280953143926256e-04, -1.1389399881742215e-03,
       1.5703518318731213e-01 ]
K2: !!opencv-matrix
   rows: 3
   cols: 3
   dt: d
   data: [ 3.6180358117326693e+02, 0., 3.1159813379752632e+02, 0.,
       3.6262826268632875e+02, 1.9951760344127621e+02, 0., 0., 1. ]
D2: !!opencv-matrix
   rows: 1
   cols: 5
   dt: d
   data: [ -1.6093028178491875e-01, 3.1470379068753995e-02,
       -3.3783000792083264e-03, 2.7784343801554334e-03,
       -1.0811540482206974e-03 ]
R: !!opencv-matrix
   rows: 3
   cols: 3
   dt: d
   data: [ 9.9995883377645778e-01, 1.3531918608882954e-05,
       9.0736194163987139e-03, 1.1570333595601327e-04,
       9.9989856675006017e-01, -1.4242289981373994e-02,
       -9.0728917752014217e-03, 1.4242753528116540e-02,
       9.9985740313645366e-01 ]
T: !!opencv-matrix
   rows: 3
   cols: 1
   dt: d
   data: [ -7.9477233398434812e+00, -1.9621700284740881e-01,
       4.4344759095746994e-01 ]
R1: !!opencv-matrix
   rows: 3
   cols: 3
   dt: d
   data: [ 9.9861089797893710e-01, 2.3860428613043768e-02,
       -4.6978233088344229e-02, -2.4226081763742302e-02,
       9.9968036484787925e-01, -7.2294605599318735e-03,
       4.6790719166063602e-02, 8.3575166175712499e-03,
       9.9886975152714974e-01 ]
P1: !!opencv-matrix
   rows: 3
   cols: 4
   dt: d
   data: [ 3.5597004673839069e+02, 0., 3.5360650634765625e+02, 0., 0.,
       3.5597004673839069e+02, 1.9624126625061035e+02, 0., 0., 0., 1.,
       0. ]
R2: !!opencv-matrix
   rows: 3
   cols: 3
   dt: d
   data: [ 9.9814384920895882e-01, 2.4642628602899359e-02,
       -5.5691984538737825e-02, -2.4277154247819555e-02,
       9.9967912505479795e-01, 7.2295719998715872e-03,
       5.5852270034001512e-02, -5.8641099250710156e-03,
       9.9842182275170444e-01 ]
P2: !!opencv-matrix
   rows: 3
   cols: 4
   dt: d
   data: [ 3.5597004673839069e+02, 0., 3.5360650634765625e+02,
       -2.8344125458369754e+03, 0., 3.5597004673839069e+02,
       1.9624126625061035e+02, 0., 0., 0., 1., 0. ]
Q: !!opencv-matrix
   rows: 4
   cols: 4
   dt: d
   data: [ 1., 0., 0., -3.5360650634765625e+02, 0., 1., 0.,
       -1.9624126625061035e+02, 0., 0., 0., 3.5597004673839069e+02, 0.,
       0., 1.2558865055167051e-01, 0. ]
